landing_grid:
    absolute_position:
        coordinate_system: Raw
        r: -2.28640039951585
        t: 0.43632844049301767
        x: 0.002219833333333333
        y: -0.002279
        z: 0.03040991512345679
    eb_settings:
        beam_current: 5.0e-11
        beam_type: ELECTRON
        dwell_time: 5.0e-07
        hfw: 0.002849091742402753
        resolution: 1536x1024
        working_distance: 0.004850339109476275
    ib_settings:
        beam_current: 2.0e-11
        beam_type: ION
        dwell_time: 1.0e-06
        hfw: 0.0009651457961693737
        resolution: 1536x1024
        working_distance: 0.0165
    timestamp: 1661826568.676216
sample_grid:
    absolute_position:
        coordinate_system: Raw
        r: -2.28640039951585
        t: 0.43632844049301767
        x: 0.002219833333333333
        y: -0.002279
        z: 0.03040991512345679
    eb_settings:
        beam_current: 5.0e-11
        beam_type: ELECTRON
        dwell_time: 5.0e-07
        hfw: 0.002849091742402753
        resolution: 1536x1024
        working_distance: 0.004850339109476275
    ib_settings:
        beam_current: 2.0e-11
        beam_type: ION
        dwell_time: 1.0e-06
        hfw: 0.0009651457961693737
        resolution: 1536x1024
        working_distance: 0.0165
    timestamp: 1661826568.664248
